n= 1340 

node), split, n, loss, yval, (yprob)
      * denotes terminal node

 1) root 1340 617 0 (0.5395522 0.4604478)  
   2) age_in_days>=14.5 1058 398 0 (0.6238185 0.3761815)  
     4) heart_weight< 0.5386 976 330 0 (0.6618852 0.3381148)  
       8) age_in_days< 277 767 205 0 (0.7327249 0.2672751)  
        16) oedema_ynid_c001< 0.5 742 187 0 (0.7479784 0.2520216) *
        17) oedema_ynid_c001>=0.5 25   7 1 (0.2800000 0.7200000) *
       9) age_in_days>=277 209  84 1 (0.4019139 0.5980861)  
        18) comb_kidney_weight< 0.0297 14   3 0 (0.7857143 0.2142857) *
        19) comb_kidney_weight>=0.0297 195  73 1 (0.3743590 0.6256410) *
     5) heart_weight>=0.5386 82  14 1 (0.1707317 0.8292683) *
   3) age_in_days< 14.5 282  63 1 (0.2234043 0.7765957) *
