n= 1768 

node), split, n, loss, yval, (yprob)
      * denotes terminal node

 1) root 1768 792 1 (0.4479638 0.5520362)  
   2) age_in_days>=15.5 1360 644 0 (0.5264706 0.4735294)  
     4) age_in_days< 224.5 989 401 0 (0.5945399 0.4054601)  
       8) oedema_ynid_c001< 0.5 937 356 0 (0.6200640 0.3799360)  
        16) dysmorphic_features_ynid_c002>=0.5 823 288 0 (0.6500608 0.3499392)  
          32) body_weight< 0.5913 796 269 0 (0.6620603 0.3379397)  
            64) pallor_ynid_c002>=0.5 786 260 0 (0.6692112 0.3307888) *
            65) pallor_ynid_c002< 0.5 10   1 1 (0.1000000 0.9000000) *
          33) body_weight>=0.5913 27   8 1 (0.2962963 0.7037037) *
        17) dysmorphic_features_ynid_c002< 0.5 114  46 1 (0.4035088 0.5964912) *
       9) oedema_ynid_c001>=0.5 52   7 1 (0.1346154 0.8653846) *
     5) age_in_days>=224.5 371 128 1 (0.3450135 0.6549865) *
   3) age_in_days< 15.5 408  76 1 (0.1862745 0.8137255) *
